1p 1 0 123400000 123400000
1q 1 123400000 248956422 125556422
2p 2 0 93900000 93900000
2q 2 93900000 242193529 148293529
3p 3 0 90900000 90900000
3q 3 90900000 198295559 107395559
4p 4 0 50000000 50000000
4q 4 50000000 190214555 140214555
5p 5 0 48800000 48800000
5q 5 48800000 181538259 132738259
6p 6 0 59800000 59800000
6q 6 59800000 170805979 111005979
7p 7 0 60100000 60100000
7q 7 60100000 159345973 99245973
8p 8 0 45200000 45200000
8q 8 45200000 145138636 99938636
9p 9 0 43000000 43000000
9q 9 43000000 138394717 95394717
10p 10 0 39800000 39800000
10q 10 39800000 133797422 93997422
11p 11 0 53400000 53400000
11q 11 53400000 135086622 81686622
12p 12 0 35500000 35500000
12q 12 35500000 133275309 97775309
13p 13 0 17700000 17700000
13q 13 17700000 114364328 96664328
14p 14 0 17200000 17200000
14q 14 17200000 107043718 89843718
15p 15 0 19000000 19000000
15q 15 19000000 101991189 82991189
16p 16 0 36800000 36800000
16q 16 36800000 90338345 53538345
17p 17 0 25100000 25100000
17q 17 25100000 83257441 58157441
18p 18 0 18500000 18500000
18q 18 18500000 80373285 61873285
19p 19 0 26200000 26200000
19q 19 26200000 58617616 32417616
20p 20 0 28100000 28100000
20q 20 28100000 64444167 36344167
21p 21 0 12000000 12000000
21q 21 12000000 46709983 34709983
22p 22 0 15000000 15000000
22q 22 15000000 50818468 35818468
Xp X 0 61000000 61000000
Xq X 61000000 156040895 95040895
Yp Y 0 10400000 10400000
Yq Y 10400000 57227415 46827415
